     1        0   129600   0.000
     2    12475   129600   0.010
     3    24949   129600   0.020
     4    37423   129600   0.030
     5    49897   129600   0.040
     6    62371   130872   0.050
     7    74845   130872   0.060
     8    87319   130872   0.070
     9    99793   130872   0.080
    10   112267   132956   0.090
    11   124741   132956   0.100
    12   137215   132956   0.110
    13   149689   132956   0.120
    14   162163   132956   0.130
    15   174637   135239   0.140
    16   187111   135239   0.150
    17   199585   135239   0.160
    18   212059   135239   0.170
    19   224533   137766   0.180
    20   237007   137766   0.190
    21   249481   137766   0.200
    22   261955   137766   0.210
    23   274429   140318   0.220
    24   286903   140318   0.230
    25   299377   140318   0.240
    26   311851   140318   0.250
    27   324325   140318   0.260
    28   336799   143500   0.270
    29   349273   143500   0.280
    30   361747   143500   0.290
    31   374221   143500   0.300
    32   386695   146456   0.310
    33   399169   146456   0.320
    34   411643   146456   0.330
    35   424117   146456   0.340
    36   436591   149438   0.350
    37   449065   149438   0.360
    38   461539   149438   0.370
    39   474013   149438   0.380
    40   486487   149438   0.390
    41   498961   152532   0.400
    42   511435   152532   0.410
    43   523909   152532   0.420
    44   536383   152532   0.430
    45   548857   155447   0.440
    46   561331   155447   0.450
    47   573805   155447   0.460
    48   586279   155447   0.470
    49   598753   155447   0.480
    50   611227   158476   0.490
    51   623701   158476   0.500
    52   636175   158476   0.510
    53   648649   158476   0.520
    54   661123   161636   0.530
    55   673597   161636   0.540
    56   686071   161636   0.550
    57   698545   161636   0.560
    58   711019   164980   0.570
    59   723493   164980   0.580
    60   735967   164980   0.590
    61   748441   164980   0.600
    62   760915   164980   0.610
    63   773389   168461   0.620
    64   785863   168461   0.630
    65   798337   168461   0.640
    66   810811   168461   0.650
    67   823285   171992   0.660
    68   835759   171992   0.670
    69   848233   171992   0.680
    70   860707   171992   0.690
    71   873181   175434   0.700
    72   885655   175434   0.710
    73   898129   175434   0.720
    74   910603   175434   0.730
    75   923077   175434   0.740
    76   935551   178990   0.750
    77   948025   178990   0.760
    78   960499   178990   0.770
    79   972973   178990   0.780
    80   985447   182403   0.790
    81   997921   182403   0.800
    82  1010395   182403   0.810
    83  1022869   182403   0.820
    84  1035343   182403   0.830
    85  1047817   185839   0.840
    86  1060291   185839   0.850
    87  1072765   185839   0.860
    88  1085239   185839   0.870
    89  1097713   189166   0.880
    90  1110187   189166   0.890
    91  1122661   189166   0.900
    92  1135135   189166   0.910
    93  1147609   192565   0.920
    94  1160083   192565   0.930
    95  1172557   192565   0.940
    96  1185031   192565   0.950
    97  1197505   192565   0.960
    98  1209979   195948   0.970
    99  1222453   195948   0.980
   100  1234927   195948   0.990
   101  1247401   195948   1.000
   102  1259875   199450   1.010
   103  1272349   199450   1.020
   104  1284823   199450   1.030
   105  1297297   199450   1.040
   106  1309771   203213   1.050
   107  1322245   203213   1.060
   108  1334719   203213   1.070
   109  1347193   203213   1.080
   110  1359667   203213   1.090
   111  1372141   206862   1.100
   112  1384615   206862   1.110
   113  1397089   206862   1.120
   114  1409563   206862   1.130
   115  1422037   210646   1.140
   116  1434511   210646   1.150
   117  1446985   210646   1.160
   118  1459459   210646   1.170
   119  1471933   210646   1.180
   120  1484407   214291   1.190
   121  1496881   214291   1.200
   122  1509355   214291   1.210
   123  1521829   214291   1.220
   124  1534303   217959   1.230
   125  1546777   217959   1.240
   126  1559251   217959   1.250
   127  1571725   217959   1.260
   128  1584199   221779   1.270
   129  1596673   221779   1.280
   130  1609147   221779   1.290
   131  1621621   221779   1.300
   132  1634095   221779   1.310
   133  1646569   225077   1.320
   134  1659043   225077   1.330
   135  1671517   225077   1.340
   136  1683991   225077   1.350
   137  1696465   228707   1.360
   138  1708939   228707   1.370
   139  1721413   228707   1.380
   140  1733887   228707   1.390
   141  1746361   232365   1.400
   142  1758835   232365   1.410
   143  1771309   232365   1.420
   144  1783783   232365   1.430
   145  1796257   232365   1.440
   146  1808731   235932   1.450
   147  1821205   235932   1.460
   148  1833679   235932   1.470
   149  1846153   235932   1.480
   150  1858627   239824   1.490
   151  1871101   239824   1.500
   152  1883575   239824   1.510
   153  1896049   239824   1.520
   154  1908523   239824   1.530
   155  1920997   243631   1.540
   156  1933471   243631   1.550
   157  1945945   243631   1.560
   158  1958419   243631   1.570
   159  1970893   247402   1.580
   160  1983367   247402   1.590
   161  1995841   247402   1.600
   162  2008315   247402   1.610
   163  2020789   251125   1.620
   164  2033263   251125   1.630
   165  2045737   251125   1.640
   166  2058211   251125   1.650
   167  2070685   251125   1.660
   168  2083159   254714   1.670
   169  2095633   254714   1.680
   170  2108107   254714   1.690
   171  2120581   254714   1.700
   172  2133055   258401   1.710
   173  2145529   258401   1.720
   174  2158003   258401   1.730
   175  2170477   258401   1.740
   176  2182951   261838   1.750
   177  2195425   261838   1.760
   178  2207899   261838   1.770
   179  2220373   261838   1.780
   180  2232847   261838   1.790
   181  2245321   265281   1.800
   182  2257795   265281   1.810
   183  2270269   265281   1.820
   184  2282743   265281   1.830
   185  2295217   268926   1.840
   186  2307691   268926   1.850
   187  2320165   268926   1.860
   188  2332639   268926   1.870
   189  2345113   268926   1.880
   190  2357587   272570   1.890
   191  2370061   272570   1.900
   192  2382535   272570   1.910
   193  2395009   272570   1.920
   194  2407483   276352   1.930
   195  2419957   276352   1.940
   196  2432431   276352   1.950
   197  2444905   276352   1.960
   198  2457379   280054   1.970
   199  2469853   280054   1.980
   200  2482327   280054   1.990
   201  2494801   280054   2.000
